12803
12316
12298
12550
12041
11881
12730
12651
12609
12870
13583
13613
13926
13720
14454
14355
14907
15162
14387
13647
13077
13632
14497
14795
15331
15805
15614
14792
14799
13953
14522
14316
15101
15097
14289
14296
13958
13538
13965
13972
13710
13655
14259
14040
14238
14523
14444
14099
14451
14150
13702
14452
13943
14464
15205
14355
13670
12892
13414
12670
12585
12855
13624
13681
12826
12650
11915
11998
11408
11821
12127
12104
11783
12348
12321
12038
12354
13139
13317
14162
13315
13156
12586
13412
13134
12696
13108
12580
11790
12100
11577
11135
10675
9830
10672
10332
9752
9321
9033
8305
9091
9549
9999
9513
8827
9358
9089
9154
9148
8440
9206
8942
9642
9827
9294
9082
9824
9227
8454
7693
8023
8112
8564
7770
8098
8606
9441
9958
9898
9980
9649
9948
10692
9837
9807
9832
10185
10705
9907
9431
8895
9143
8945
9166
8931
8843
8121
8626
7847
7317
6772
6951
6242
6939
7280
6836
6570
6505
5909
6468
6935
7023
7598
7397
7130
6889
6313
5726
5013
4772
4327
3987
3421
3668
2975
3015
3235
3556
4269
4269
3410
3393
4230
4001
3734
3235
2754
3067
2796
2444
45902
45330
44869
45100
44655
44350
44441
43987
44498
44159
44456
43736
44007
43709
42936
42950
42179
42441
41635
41971
41901
42189
41915
42380
42724
42389
42720
43148
42638
43481
43146
43392
44143
43578
43384
43371
44166
44729
44709
43883
43796
43776
43588
43818
44330
44934
45266
46062
45719
45462
45802
46312
47095
46317
46238
46286
46588
45809
46286
46030
46225
46315
45724
45768
44926
44758
44707
44028
44497
43902
44206
44773
45258
44987
44142
43378
43922
44601
44360
43874
44166
44950
44508
44017
43674
43997
44173
44736
44680
43869
43959
43761
43440
43615
43310
42625
42961
42434
42971
43387
43684
44164
43852
43358
43445
42608
41922
41916
42206
43005
42937
42711
42491
41908
41154
40419
40684
40421
39929
40136
40049
39566
39979
40019
39336
39148
39560
39908
40136
40681
40693
40877
40349
41073
41136
41586
40743
40201
39448
38753
39223
39525
39487
39507
38764
38756
38667
39261
39584
39579
40136
39328
39375
39383
39135
39313
38816
38254
38420
38410
37653
37222
37227
37665
38188
38917
39242
38960
39817
40609
40642
41054
40716
40801
40868
41126
41680
41451
41468
41132
41865
41157
40566
41129
40335
40159
40072
40378
39513
39535
40203
39699
39767
40517
39720
39765
39530
39962
39289
39577
39356
39062
39784
39206
40002
40244
41073
41533
41822
42547
42012
41799
41636
41604
41000
41335
41110
41126
41935
41215
41164
40439
40404
39796
40641
41063
41890
41058
41108
40515
40093
40319
39643
38808
39514
38709
39520
38738
38244
37996
38814
37967
38008
38837
37969
37967
37431
37977
37260
37723
37208
37274
37067
37542
38128
38654
39114
39855
39366
39627
39930
39336
39240
38682
38435
38410
39192
38672
39470
40221
40715
40480
39996
40309
39469
39556
39600
38784
38247
38322
38747
39070
38533
37700
38454
37786
38260
37800
37718
37399
36932
36213
36541
37288
36719
37160
37714
37257
37485
36946
37187
36699
37398
37160
37000
36133
36361
36397
64282
65002
65472
65184
64656
63802
64379
65108
65135
65180
64448
64204
64237
64152
64834
64072
64650
65095
65342
64580
64388
64830
65176
65153
64714
64690
64947
64937
64364
65169
65123
65360
64603
64810
64637
64202
64413
63586
64103
63610
62785
62744
62819
63055
63002
63356
63841
63490
63065
63072
63884
63540
63003
62838
62056
61464
61199
61242
60952
60732
61549
62118
62672
62109
61939
61894
61114
61813
62350
62509
61801
62493
62729
63522
64344
64868
65066
64273
63796
63018
62566
62609
62187
62380
62412
61911
61593
62137
62918
62598
63370
63628
63683
63586
63844
64178
64339
64437
63933
63208
63171
63860
63913
63090
63795
64280
64837
65437
65525
64663
64756
64469
64676
63839
64676
65104
64791
65383
65216
65481
65510
65470
65019
65527
65231
64765
64750
64452
64452
63633
63609
63930
64399
64432
63690
62935
62099
62685
61944
62205
62172
62191
62416
61824
61140
61319
62128
61372
61912
61574
60985
61033
61386
60791
61354
61825
61851
62307
63128
62684
63180
62931
62886
62056
62597
62635
61902
62411
61883
62590
62257
62586
61847
62554
62556
63377
62867
62849
62759
62228
62247
63058
63038
63352
62900
63169
63387
63674
62964
62960
63196
62857
62384
61622
62323
62880
63556
63828
63338
62526
62763
63594
63263
63055
63011
62825
61980
62211
63042
63570
62772
62859
62668
63342
63363
62932
62892
62433
62165
62334
62633
63189
63998
64472
64385
64085
64693
64240
64957
64135
64616
64696
63858
63279
63051
62521
62738
62041
61458
61732
62082
61353
61673
61105
61815
62077
61912
62667
62684
61891
61664
61314
60769
60598
61085
61549
61616
60885
61384
60602
61110
61841
61906
62358
62453
61622
62128
61308
60503
60859
61087
60867
60885
60369
59887
60351
61092
61862
61289
62083
62637
62294
62258
63114
62658
62178
62385
62317
62410
62402
61534
61308
61520
61262
60483
61195
61716
60951
60705
60958
60498
60024
60450
61022
60228
60722
61036
61535
62233
62002
62473
63252
62774
62354
62299
63033
63096
62336
61921
62126
62118
62953
62341
62397
62974
62969
63477
62685
62627
62884
62422
62909
62323
62573
62573
63334
62829
63022
63817
64323
65073
65061
65110
64277
63801
63268
63756
64576
65307
65058
64373
63614
62763
63323
62630
61833
61419
60892
61652
60855
60320
60927
60083
60529
59971
60816
60863
61408
61929
61172
60383
60043
60551
60330
60638
61116
61310
60577
61297
61471
61701
62003
61496
62286
62478
61980
61287
61086
60258
60074
60078
59865
60413
60897
61649
61161
60320
60609
60348
59615
58801
58009
58467
58397
57951
57405
57615
58419
58257
57702
58125
58922
59163
59494
60206
60431
60972
61802
61289
60428
59746
60495
61293
61241
61440
61494
61486
60704
60734
60477
60449
60168
60507
60672
60420
60244
59668
59668
58985
59545
60156
60059
59566
59121
59289
59244
59941
59710
60029
59943
59181
58384
58131
58942
58742
57886
58217
58224
58297
57527
57189
56452
56157
55411
54550
54836
54397
54218
54376
54349
54439
54677
54134
53298
54034
53558
53620
52801
52267
52106
52139
52606
52627
53159
53740
52954
53630
53174
52942
53622
53277
54127
54899
54574
55104
54391
55125
54443
54343
54581
37863
38324
37471
37378
37450
37898
37912
38150
37392
38250
38978
38232
38825
38271
38048
38531
37816
37099
36495
37048
37492
37450
36865
36608
36920
37737
37423
37681
38500
38159
38938
39258
39181
39435
38986
39228
40010
40270
39550
39471
39305
39273
39780
40379
40375
39765
39302
39863
39641
39411
39670
40126
40421
40673
40183
39895
39080
39511
39583
40009
39954
39244
39688
40203
41024
41380
41184
41644
41889
41366
41449
41193
41192
40371
39648
39100
39662
39635
40062
40051
39723
39202
39729
40071
40760
41035
41751
41234
40540
40280
40787
40494
41247
41275
41349
41546
42049
42098
41589
42138
42738
43243
43230
43448
43468
42603
42071
41806
42496
42833
42638
41845
42387
41673
41427
41411
40811
39943
39976
40812
41149
40887
40433
40134
39836
39842
39617
39833
40633
39924
40156
39881
39857
39096
38511
37787
38123
38321
38908
39383
39853
39379
38546
39101
39381
39548
39598
39592
38826
38639
39403
39865
39410
38630
38586
39011
39061
38388
38649
39141
39917
40657
39874
39532
39747
39730
39977
40031
39957
40774
41507
41852
41539
40866
41196
40941
40365
39880
40050
40588
41150
41962
42390
41899
42179
41904
41855
41321
40764
41085
41400
42204
42671
42628
42045
41745
42601
42149
42652
41853
42109
42199
41851
42594
42573
42389
42819
42240
42759
42583
42596
41808
42556
42597
43461
43755
44467
44514
43943
44415
44949
45808
45282
45470
45949
45164
45493
45507
45920
46480
47223
47540
47100
47032
47014
46296
46981
47152
47976
48744
49342
49642
50345
49534
50104
49609
50364
49833
49520
49599
49638
48783
49213
49458
49664
48907
48695
48676
49434
48749
48718
49476
49988
50836
51076
51882
51897
51919
51662
51315
51132
51709
51625
51798
51553
51053
51889
51425
50865
51403
51345
51068
50769
49954
49214
49306
50090
49366
49834
49346
50144
50165
50075
50079
50561
50777
51214
51737
51052
51027
51081
50824
50233
49498
49728
48951
48487
47735
47527
47837
48293
47865
48378
47785
46985
47184
46354
45937
45425
45753
46551
46327
45971
45400
46125
45663
45671
44841
44125
43570
43888
43049
43610
44143
44656
44143
44613
43851
44067
43559
44142
43822
44419
43693
43659
44493
43633
43338
42524
42293
42246
41481
41492
41801
41787
42097
41589
40879
40867
40412
41190
41442
41932
41447
40583
40839
41330
41530
41053
41227
40748
40560
41084
40789
40354
39544
39583
39998
39543
38731
38465
37788
37865
37015
37541
36687
36259
36759
36528
36958
36185
36166
36445
36717
37217
36385
37193
37726
38041
38820
39087
39580
40182
40699
40680
40443
41212
41372
41643
42490
42913
42923
42980
43172
42572
42904
42430
42740
42181
41829
42409
42839
42122
42960
43217
43212
43116
42381
41911
41047
41060
40257
40566
41249
40509
40030
39939
40250
39937
39757
40013
40303
40721
40456
40743
40527
40514
41376
41894
41307
42110
42013
42109
42937
42647
41975
42406
42451
42656
42859
43375
43159
42816
43114
43301
42555
42140
42611
41914
41580
41248
40535
40867
40790
41551
40819
40250
39476
40021
40266
40759
41368
41049
41888
42704
43214
43434
44236
44790
44233
44452
44526
44976
44500
44188
43404
43473
44003
43203
15513
15669
16440
16781
16699
17161
39618
39630
40366
40819
40842
41079
41083
41578
42386
42969
42903
43487
42659
41932
41151
40892
41471
41392
41363
41344
42170
42485
42687
41874
41287
40511
40066
39636
39594
40323
41046
41122
40852
41069
40590
41020
40333
40827
40372
41185
40685
40163
40157
40938
41095
40244
39706
39806
39304
39033
38341
38399
38628
38342
38262
38760
38516
37708
37497
36712
37183
37468
37268
36555
36057
35822
35020
35049
35068
35746
35999
35407
34737
34941
34472
34544
35052
34238
35001
34989
35197
35876
35160
34935
34111
34129
33572
34377
34426
35278
35277
35440
34864
34925
35257
34928
35134
35117
35353
35606
36164
35597
35857
36132
36946
36391
35723
35012
35766
35034
34740
34752
34281
33460
34213
33748
33913
34183
34958
34485
34923
35518
36029
35313
36087
35736
35179
35769
36594
36283
36186
36924
37500
38260
38454
38008
38691
38271
38760
38081
38097
38577
38355
38865
38844
39362
38826
38541
38777
39533
40033
40273
41068
41789
42294
42610
42329
42120
42081
42073
42017
42883
43739
43199
42675
42472
42743
43443
43164
43261
43948
44006
43966
44209
43708
43911
43123
43648
44351
43595
44113
43564
44115
44810
44341
44691
45119
44642
44704
45444
45232
45458
45651
45730
45693
45738
45036
45749
45563
45757
46196
45746
45284
45701
45745
45902
46612
46339
47104
46623
46394
46887
47191
47115
46934
46515
46928
47675
48523
47668
47384
47938
48417
48419
48995
49028
48419
48730
49488
49030
48758
48286
48843
49548
48938
49019
48748
48150
47632
48432
48006
47951
48140
48946
49736
49257
48833
49630
50135
49595
50324
50539
50197
50441
50223
50987
51043
51552
51651
51584
52367
52690
51871
52215
51878
51135
51913
52719
52989
52907
52707
53392
53108
53827
53331
53786
54586
54275
54609
53890
54585
55424
55736
54928
55601
55057
55393
55557
56357
57216
56413
55631
56412
56733
56124
56153
56919
57508
57182
56442
55640
55950
56771
56562
56040
55762
55435
56261
55421
55716
55016
54962
55146
55980
56534
56044
56307
55511
56277
55416
56013
55518
54757
55532
55793
55740
56051
55761
54946
55205
56005
55982
55226
54993
55729
56510
56678
56624
56332
55876
56455
56198
55749
55014
54731
55547
54973
55184
55684
54945
55495
55801
56008
55415
55373
55201
55882
55316
54786
55117
55965
56555
56247
55536
55801
56240
56404
56403
56874
56580
56899
56601
57196
56697
57002
57484
58289
58527
59085
58770
58756
58665
59428
59773
59871
60554
60200
60187
60481
59940
60715
60705
60490
60720
60692
59937
59149
58394
58424
58987
59543
58803
58363
57774
57004
57237
56738
57183
56351
55935
55330
55847
55074
54546
54099
54398
54998
54482
54778
54005
53500
52940
53423
53235
52916
52338
52899
52124
52930
53353
53684
53886
53196
53448
53134
53197
53107
53949
53365
52898
52900
53314
52629
52289
52832
52116
52307
51570
52056
51270
51749
52277
52036
51347
52059
51481
51242
51045
50615
50362
49782
50133
49605
49630
49044
49266
49617
49389
49120
48345
48806
48007
47810
47986
48693
49272
49594
49404
49098
49526
49748
48939
48445
47699
47628
47376
47972
48541
48585
48258
48418
48711
49310
50149
50566
50133
50354
50138
50591
50501
50736
4802
4488
5004
5303
5521
6307
6833
7146
6849
7356
6605
5797
6299
5456
4910
5421
5255
5708
5969
5444
4969
4961
4971
4941
5704
4896
5210
4868
4149
3385
2879
3739
4272
4007
4582
5093
5771
5314
4456
5233
5980
6189
5724
5278
5114
4317
4286
4861
4050
4800
4811
4760
5532
5611
5005
5552
6383
6103
5548
5986
5217
5144
5379
5949
6807
6284
6705
6037
5994
6277
5988
5191
4974
4265
4086
4604
4861
5278
5864
5779
5316
5519
5956
5280
4835
5568
5231
4476
4810
4727
5063
5571
4755
3986
3888
3332
3907
4375
5152
5689
6410
6460
6417
5916
6493
5665
5504
5795
5971
5153
5409
4700
4780
4023
4825
4010
4325
3522
3485
2942
2087
35538
36290
36227
36389
35717
35769
36287
35468
35526
36277
37078
36498
36005
35323
36052
35511
35060
34276
33419
32983
33691
33245
33278
33000
32956
32960
32912
32910
32093
31415
31716
31154
31093
31075
31296
31890
31476
31462
31661
30940
30107
30329
30781
31265
32112
32858
32384
31519
30990
31051
30610
31150
30431
31100
31792
31232
32005
32330
32626
32172
32511
31919
31193
31642
31894
31290
32057
31360
31071
30775
31291
31517
32046
32844
33329
34187
34677
34699
35436
36198
36395
36715
37500
37020
37617
38071
37833
37019
37213
37392
37731
38557
37879
38037
37988
37813
37859
38087
38645
37854
38523
38600
38872
38803
39638
40359
40774
39965
40772
40975
40504
41067
41024
40780
40266
40231
40992
40274
40197
39703
39767
40218
40512
40199
40014
39284
39745
39269
39362
39328
39927
39871
40312
39821
39560
39868
39083
39404
39891
40562
39702
40225
41018
40470
41274
40606
40806
40839
40932
41623
41327
40869
41374
40681
40666
40103
39592
39277
39621
39591
39052
38488
39354
39089
38639
39369
39672
40405
40577
40236
39937
39426
38926
38488
39197
38463
37719
37757
37581
37336
38033
38502
37761
37307
37278
37513
37694
36970
36399
35655
35232
35910
36446
36744
36201
36938
36223
37011
36403
36898
36444
36440
35863
35921
36137
36483
36307
36083
35548
35753
36005
36236
35786
36208
35513
34679
33904
33678
32865
32645
32551
32039
31805
31054
30979
31588
32066
31774
31088
31097
30305
30603
30087
30689
30876
30303
31128
30903
31151
31682
32217
31935
32480
32416
32232
32981
32704
33123
32450
32644
31909
32735
32190
31960
31616
32317
31636
32141
31948
32637
32066
31808
31513
31518
31615
31151
31372
30558
31379
30924
30081
29564
28702
29294
29050
28791
28831
28304
28884
28905
29104
29620
30457
30953
30092
30441
31209
30422
30070
30246
30222
29953
30532
29793
29185
29953
29520
29490
30289
30521
30979
30734
31509
31781
32106
32111
31837
31134
30346
30858
30670
30134
30848
31262
30763
30493
30839
31037
30538
31110
31443
31694
31874
32441
31633
32083
31756
32112
32179
32966
32129
31639
32420
32684
33481
32909
33150
33961
33945
33882
33038
33877
34193
33981
33221
33790
32956
32221
31443
31896
31196
31218
31447
30848
30112
29372
28797
28731
28537
28983
28256
27942
28686
29276
29809
29047
28716
29528
29188
29205
29184
29016
28537
28458
27698
6198
6535
5970
6786
6961
6707
5993
5783
6248
6975
37582
38325
38049
37362
37786
37630
37363
37010
37319
37509
37181
36385
36413
36707
36618
36130
35403
35745
36281
36991
36983
37306
37210
37703
37758
37266
37810
38094
37595
37542
38308
38288
37718
38428
38718
38789
38602
37856
38397
39098
38751
38762
38948
38214
38274
37663
37924
38177
37994
37549
37768
37957
38039
38477
38756
39092
39264
38586
38244
37767
38352
38383
39094
39024
38807
39064
39910
39165
39325
39551
39479
40262
40715
40534
39805
39370
40101
40546
39798
39110
39907
40173
39921
39875
39649
40063
39884
39550
40258
39974
40262
39593
39614
40122
39596
38911
38652
38818
38725
37894
37459
37990
37973
38410
38952
38926
38753
39562
40023
40068
40096
39821
39334
38903
39125
38843
39671
40101
39666
39571
40242
39536
39830
39258
39169
38929
38192
38227
38162
38716
37960
38278
39071
39408
39084
38271
38942
39462
38718
39055
39254
38486
37807
38343
37989
38345
38582
38849
39379
39369
40094
40258
40704
40515
40192
40458
41324
41282
41562
41894
41816
41516
41521
41243
41262
41731
41502
41285
41864
42037
41547
41603
41370
42206
41894
41661
42213
42909
43099
43450
43125
42321
43176
42322
43148
42406
41558
41580
41653
42239
42980
42417
42485
42176
41858
41310
40713
40795
40463
41055
40830
41600
42154
41377
41135
41314
42043
42761
43369
44118
44469
45157
45119
45066
44570
44091
43674
43719
44438
44486
43958
44120
44881
45186
44880
45606
44829
44563
44133
43894
43733
44491
44945
44683
44013
43766
43516
44225
43964
44175
44655
43952
43473
42670
41962
42175
41340
41799
41596
41046
40831
40147
40133
40047
40739
39971
40508
39816
39972
39199
40032
39496
39210
38664
38447
37749
38175
37499
37669
37181
38044
38737
39600
40046
39340
38472
38742
39523
40204
39471
39253
39026
38722
37926
38226
38532
37803
38232
39097
38756
39252
40106
39387
40074
39498
38977
38697
39527
39466
39796
39506
38982
38717
38553
38503
39007
38777
39282
38673
39021
38681
38194
38766
37952
38428
39183
39453
39498
39338
38779
39095
39854
40646
41190
40590
40853
40403
39910
40418
40079
40031
40194
41036
41576
41669
41638
41865
42193
41374
41862
42672
42855
42761
42575
42898
42204
41381
41409
40666
39843
40155
40899
40140
39623
39142
39406
39397
38857
38363
37834
37340
37583
37292
37328
36734
37167
36938
37401
36924
36173
35735
36318
36341
36319
37052
37540
37872
37542
37526
37709
38453
39062
39061
39867
39673
39146
39675
39393
38908
38822
39163
38356
38319
37874
37023
37711
38539
39291
39270
39622
38803
38612
39025
38522
37936
38670
38419
39178
38496
38727
38504
37659
36898
37391
36657
36210
35709
35701
35620
35694
34835
34931
34842
34093
34672
34752
35307
35015
34779
34268
34510
34705
35027
35053
35275
35973
36229
36906
37243
38026
38773
38196
38443
39295
39484
40094
40872
40106
39878
39410
39669
39333
38821
39130
39597
39368
38843
38108
38832
38835
39541
40349
39595
38736
38408
38662
38691
38685
38152
37923
38426
37916
37148
37488
37720
38497
38300
37837
38566
38031
37316
37327
37325
38032
37955
37475
37456
37125
37702
38256
38570
39273
39728
40309
40063
39807
64178
63822
63906
63068
62795
62007
61583
61620
61943
62400
62175
61567
61496
60983
60304
60081
59215
58481
58833
58343
58522
59001
58184
59047
59895
59564
60002
60564
60539
61019
60734
61087
61921
61667
62122
61529
60941
60705
61302
61243
60555
59871
59090
58500
58697
58980
58804
59570
60316
59582
60301
60599
60874
60123
60070
59610
59902
59558
59640
60122
59254
58550
58566
58799
59057
58822
59634
58869
59357
58768
57996
57219
57295
58077
57826
58343
58855
59109
59341
60125
59315
58973
58716
58137
57969
57358
57935
58483
58757
58020
57682
57476
57024
57552
57508
57581
58067
57977
57214
57035
57763
56929
56622
55886
56076
55881
55424
55339
55356
55659
55992
55521
55502
56297
55542
54767
54182
54948
54485
54445
53682
54254
54190
54618
53782
53785
53526
53069
53039
53019
52285
52083
52295
51515
50811
51080
51402
51181
51087
50870
50535
49953
50186
49728
49186
49410
48980
49690
49710
49692
49423
50002
49747
49780
50317
50070
49390
49329
49134
48269
48611
47763
47844
47842
47763
48554
48286
48046
47846
47248
47404
47166
47975
48445
48418
47937
48229
48133
48670
48665
49507
50288
50046
49594
48750
48994
48518
48248
48253
47394
47734
47294
46574
46520
46792
46829
47256
46839
46828
47040
47832
47510
48186
47982
48526
48328
48068
48335
47844
48049
47270
47819
47603
48340
47737
48493
49010
48574
48529
49201
48909
48438
47734
47057
46523
47331
46781
47329
48041
48054
48746
48288
48875
49651
50401
50841
50402
50900
50150
50069
49458
50243
50271
50021
49335
50053
50236
49441
49721
50073
50866
50385
50299
51007
50294
50251
50758
51509
51792
51014
51560
51316
51853
51515
51831
51336
50919
50416
50592
50926
50074
50799
50489
51256
52045
52534
52480
52051
52845
52756
53024
53299
52861
53030
52804
53656
53612
52784
52784
52760
51977
51488
51562
52296
52555
52337
52839
53441
53131
53587
53161
52588
52586
52173
52367
52833
52053
51890
51058
51262
50824
50286
50721
51256
51077
50406
50173
50430
49632
49142
49893
49388
49601
49009
48206
48950
49210
49213
49008
48295
48033
47986
48411
49233
49218
50041
49964
49486
49664
50465
50739
50466
51226
52064
51593
51328
51755
52559
53137
53601
53925
54701
54352
53805
54278
54285
53581
53635
53363
53946
54691
54856
54938
54963
54724
54142
54468
55178
55428
56214
55956
56055
55795
54936
54938
55691
55626
56093
55885
56686
57245
57434
57181
57377
57089
57926
57982
58835
58773
58610
59038
59645
60317
60518
60218
59944
59921
59136
58427
57688
57938
57228
57267
56689
56217
55782
55719
55396
55865
55121
54400
54962
54659
53926
53075
52335
52501
51736
51975
51986
52854
52876
52052
51859
51690
52180
51362
51894
51454
51669
52478
52186
51385
51072
50225
50729
50947
51514
51279
51725
50956
51008
50325
50996
51524
51262
50796
50601
50111
50598
50042
50119
49915
49091
49850
50033
49695
50208
50802
51075
50814
51634
51161
50315
49542
49748
50597
51435
50620
51431
50682
50605
50122
49615
49352
49351
48542
48764
47985
47895
48195
47627
47894
47175
47702
47936
48175
47389
47675
47436
48302
47868
48583
49323
49098
48619
49046
48557
48599
47841
47003
49791
50303
49749
49490
49513
49000
48667
48139
48400
47635
46856
46413
46196
46750
46523
46530
47209
46943
46398
46234
46580
46774
45918
46622
46351
47152
47886
47362
46869
46436
47022
47576
48312
47998
48036
47601
47335
46496
46576
46831
47288
47247
48023
47203
47543
47737
47784
48118
48791
49547
49224
48471
49279
49316
49912
50096
49830
50558
49976
49201
48652
48642
49221
49682
49413
48988
49804
50413
50596
50141
49903
49547
49859
49660
49391
49849
49782
50275
50249
50017
50314
50509
51316
50610
51288
50720
50972
51566
51666
51871
52681
52337
52277
51715
51038
50581
51340
51412
50830
51433
50835
50828
50821
50626
50562
50997
50726
50717
50741
50222
51080
51272
52057
52601
53419
52575
52667
53369
52854
52569
51731
51253
52006
51286
51274
51205
52020
52629
53240
52381
53191
52350
52384
51963
51655
50937
51653
51601
51594
51852
52403
51862
52468
52430
52182
52619
52136
52879
53552
54043
53830
53673
53995
54008
54241
54912
54116
53615
53082
52343
52534
52072
52251
51745
51843
51089
51873
52166
52610
53038
53616
54480
54237
54527
54701
54650
55468
56165
56865
56166
56181
55844
55657
56244
56417
55828
55836
55878
56458
57021
56716
57323
57479
57821
57757
57976
57210
57285
57511
57701
57384
58231
58739
58325
58490
58809
58244
57400
56604
56625
57391
57399
57105
56872
56686
56923
57271
56416
57139
57642
56878
57733
58333
58871
59543
59308
58485
58556
59032
58795
58345
58547
59342
59620
59064
59808
60476
61313
61778
62573
63033
62313
62497
62468
62536
62067
62555
63402
62951
62099
62517
61818
62354
62557
62465
62028
62535
61791
61562
61251
61804
61242
61323
61875
61137
61905
61154
61842
61328
60789
60298
59974
59162
58459
59306
59360
59090
58822
58589
58763
59058
58788
58048
57792
57775
58613
58018
58289
58213
58160
57389
57997
58538
58111
57330
58064
57806
58250
57980
58762
57945
58723
59025
58234
57799
57781
56980
57328
57083
56801
55933
55138
55327
55624
55710
54915
54159
53999
53929
53928
53438
53218
53669
53570
52775
52737
52325
52261
51818
51492
51733
51790
51018
50515
49681
50542
50264
50582
49902
49375
49055
49006
48428
47646
46927
46663
46692
47367
47911
47617
48181
48447
48707
48547
49127
49844
49807
49348
50074
49406
49880
50053
50286
50746
50510
50716
50731
50180
50734
50799
51539
52286
52279
51749
51469
51239
51817
51316
51888
51378
51433
51375
50629
50023
49857
49299
49104
48340
48810
49229
49717
49547
49358
48865
49612
48774
49228
49242
49156
49512
49937
50707
50510
50466
51284
50468
50810
50791
50513
50516
50041
49259
49723
49799
49594
49373
49292
49229
50074
49239
49779
50570
51318
50970
51781
52283
52758
52551
51776
51215
50462
50015
49465
49025
49786
48946
48193
48142
48174
48786
49455
49274
49813
49574
48816
48104
48327
48804
48238
48967
49520
49339
50065
49285
49996
49234
49769
50259
51117
51390
51600
51329
50552
50576
50504
50486
51052
51725
52542
52260
51806
51978
51209
51756
52497
52297
52048
51479
50953
51742
51246
50562
51391
51936
51840
41804
42055
42561
41805
42374
42961
42651
43339
42560
42790
43045
42624
42150
42328
41762
42109
57793
57462
56634
56610
57430
57937
57357
57897
58444
57875
58125
58175
58899
58222
58477
57920
57636
56950
57022
57699
58042
57505
57676
56980
56173
56654
56393
55681
55177
55124
55187
55481
55683
55633
55558
55326
56104
55862
56134
55565
56414
57025
57289
57453
57757
57285
57575
57303
57503
57693
57219
56908
57485
56919
56170
55590
56173
56390
56613
57467
57268
57213
57475
57687
56868
57396
57156
56990
56648
57364
57444
57002
57498
57273
56959
56924
56670
56847
57112
57942
57226
57144
57717
56879
57098
56683
57418
57406
58159
57401
57197
58048
58355
57531
57743
57719
56880
57699
58118
58153
57380
58133
57610
57961
57461
57718
57213
57250
57081
56522
56701
56537
55735
56219
55644
55099
54878
54625
53821
53139
52846
53665
52859
53351
53259
53012
52337
52866
53086
52838
53677
53438
52696
53443
53601
54413
55144
54379
55067
55377
55206
54853
55570
56098
56941
57130
57917
57438
57705
57492
58044
58043
58320
57474
57468
56733
56469
56130
55367
56193
55635
54958
55018
55223
55912
55973
56140
55845
55644
55430
54600
54649
54556
54830
55371
55943
56174
55329
56152
56676
56396
56226
56166
56071
56327
56663
56387
56095
56616
56835
56417
55595
54789
54559
54897
55410
55193
56003
56256
56437
56094
56098
56140
56602
57205
57012
56181
55749
55423
55591
56173
56500
55996
55141
55892
55857
56066
56122
56356
57166
56451
55768
56307
56212
55986
55764
55924
55977
56825
56823
57022
56922
57405
57970
57386
58197
58024
58264
58953
58497
57931
58714
59031
58994
59166
58923
58403
58500
59090
59082
59633
58775
59639
59593
60400
59810
60036
60301
59972
60517
61061
61376
61609
61648
60795
60069
60493
60522
60362
59616
59058
58575
58756
59522
59940
59509
58666
59409
59158
58969
58204
58972
59798
60105
59384
58798
58962
59226
58896
59672
58932
58934
59511
60306
60774
61603
60853
60886
61319
61755
62529
61790
61723
61760
61215
60546
61343
61164
61841
61132
61151
61862
61783
61956
61734
61825
62297
62097
62126
62034
62211
62481
61741
62588
62534
63247
64063
64871
65208
65454
64964
65485
65198
65442
64606
64114
64115
63889
63624
63453
62587
62749
63051
63300
64052
64004
64267
63785
64275
64273
63585
63007
62289
61533
61049
61359
61289
60792
60370
60916
60132
59599
60360
60273
59497
58961
58718
58737
57886
58202
58786
58787
58760
59216
58409
58743
59582
59523
58835
58109
58027
57993
58162
58760
59240
59479
60050
60010
59947
59253
58669
57995
58209
58440
58720
58795
58528
58816
59278
59046
58715
57999
58564
58501
59045
58467
59185
59424
59177
58434
57995
58696
58752
58777
57989
57315
57249
56709
56951
57378
57164
56865
57432
56854
57628
58492
58754
58484
58171
57373
57716
57112
56871
56065
56377
56662
57432
57007
57077
57855
57800
58037
58349
58797
58850
58495
59298
58767
58172
57915
57650
57233
58001
57301
56504
56932
56732
55932
55115
55404
54986
54378
55194
56025
55252
55524
56209
55448
55423
56210
57077
57565
57595
58026
58838
58806
58054
58531
59326
59292
59208
58499
58149
2853
3198
3927
3428
2849
3627
2849
2651
2701
64508
63704
64252
63986
63140
63219
63726
63204
63108
63686
64214
63937
63904
63399
62665
61800
61960
61712
60964
61802
62268
62332
62056
61719
60988
60300
61019
61327
61611
61060
60712
60713
61252
60456
60240
59713
59478
59652
58895
59226
59210
59271
59454
59444
59904
60516
61125
60380
60865
61546
61035
61085
60796
61094
60831
61125
60401
60303
60211
59506
59220
58398
59227
58709
58140
58232
58546
58513
58163
58397
59202
58377
58909
59243
59733
59445
58740
59564
59868
60043
59212
59503
59276
58411
57948
57110
56895
56344
56907
56654
57344
57878
58703
58919
58162
57714
58532
59335
58877
58281
58585
58583
58829
59278
58442
59248
59794
60251
59396
58980
58225
58548
58299
57827
57239
57767
57212
56374
55562
55322
54786
54368
55175
56023
55946
55637
55816
56347
56887
57103
56654
57389
57165
56420
57177
56461
56987
57699
57789
57501
57852
57823
58605
59340
58775
58017
58780
58998
58144
57667
58142
57392
56708
56168
55395
55138
54289
53573
52994
52251
51778
51295
51260
50713
49927
49211
49554
49852
49866
50349
51075
50632
50651
50814
50030
50496
49774
49531
50119
49533
49013
48961
48226
48812
48615
48022
47416
47375
48222
47704
48165
48239
48846
48370
48362
48821
49490
49766
50600
50859
50125
50107
50013
50751
50003
50589
51309
51398
51814
51103
51409
52221
52678
52389
52817
53592
53012
53838
53022
53117
53810
54027
53311
53387
52700
52727
52892
53384
52923
52345
52146
52711
52960
53663
53167
52690
53386
53195
52929
52627
52150
51887
51555
52374
52647
52414
51910
52416
52902
52171
52392
53146
52350
53163
52682
53353
54072
54134
53938
53924
53681
53124
52895
52633
52812
52489
53336
53282
52859
53679
53478
53485
53967
53431
53877
53870
53612
53145
52812
53266
52837
51994
51478
51770
51096
50872
50147
50635
50303
49464
50260
50257
51059
51507
51592
51948
51428
51091
51338
51767
51087
50361
51112
51029
51836
51840
51379
51809
52153
52467
52624
53392
52720
53411
53853
54176
54184
53979
53892
54690
54271
54731
53968
54006
53690
54514
54447
54485
53920
53452
53141
53852
54025
53613
54112
54701
54928
54360
54036
53797
54093
54613
53770
54323
55082
54615
55390
55402
55049
54824
54855
55376
55061
55668
54978
55282
54937
54395
53528
53539
54121
54821
54821
54069
54545
55309
55908
55582
55681
54946
54197
53462
53499
53721
53244
52379
52601
53432
53975
53732
52886
52698
53169
53954
53142
52869
53188
53617
52888
52085
51735
50944
51236
51460
50792
50763
51083
51881
52643
51907
51602
51338
51147
50625
50847
51682
51869
52444
53154
53658
53189
53630
53145
52709
52426
52691
52681
52962
53488
53172
53083
53592
53323
53894
54219
54239
54511
55228
55251
55507
54936
55402
56259
55959
55731
55453
54927
54970
55036
55767
54990
55255
55999
55473
55135
55461
55658
55632
56400
56103
56587
57399
57926
58683
59151
59246
59919
60166
60005
59416
59252
58924
58176
57901
57619
57869
58143
58982
58771
58335
58541
58836
57987
57810
58103
58564
58526
58292
58477
58553
58565
59288
60076
60666
60866
61573
61637
62380
61641
62126
62103
62817
62607
62866
63031
63791
64047
63531
63251
62981
63977
63722
63948
64417
63926
64196
63425
62716
62420
62962
62678
63213
62372
62409
62111
62119
62134
62703
63210
62963
62649
63482
63738
63204
62376
62704
63435
63435
63092
63765
64631
65459
64868
65394
65220
64661
64440
63864
63660
63460
64235
64232
64917
64987
65172
64965
64508
64497
64246
64222
64703
65019
64672
65455
64880
65206
64662
64566
64084
64131
64733
64200
64163
64455
63687
63598
64142
64685
65513
64715
63874
63785
63038
62559
63111
63899
63061
63097
62528
63077
62860
62827
63035
63077
63375
62864
62381
63089
63585
63517
63322
63006
62998
62774
62512
63263
62980
62212
61468
62013
62797
62871
63284
63100
62518
62818
62032
61313
60974
61072
60470
59675
59760
59770
59040
59581
59572
59840
60126
59637
60402
59790
60248
61083
60267
61111
61420
61171
61842
61861
62290
62321
62770
62755
62531
63385
63989
63659
63929
63325
63299
63537
63878
63673
63942
63362
63204
63449
63153
62588
63316
63348
63524
63616
64057
64274
65067
64306
64009
63251
62747
62792
62112
62614
62880
62188
61921
62114
62115
61373
61797
61969
61961
61758
62524
62292
62039
62382
62800
63591
62793
63537
62981
62810
63511
62768
63598
64182
64995
64249
64436
63849
64330
64297
63808
64381
63521
63810
63807
63075
62646
63204
63465
63478
63444
62888
63216
63964
64704
65157
65460
64886
64433
63917
64351
63937
64226
64696
64888
65116
65080
64360
64047
63509
62763
62341
63164
62618
63091
63776
63584
64009
63336
63131
63873
63661
63173
62954
63661
64485
64211
63613
62774
62268
61815
61543
60726
60250
59579
60305
60838
60593
60142
59835
60382
60843
61554
62133
62192
62365
62890
63320
64071
64563
64905
64485
64954
64691
64469
64710
63940
64472
65238
65213
64725
64208
63630
62897
63593
64379
64727
64154
63367
63703
63686
63964
63975
63706
64415
63678
63474
62875
62663
62407
61936
61435
61692
62441
62681
62659
62637
62412
62632
62205
62693
61850
62195
61347
60769
61053
61382
62138
61652
62200
62620
63132
63289
62795
63054
63021
62852
62431
62092
61376
62077
62094
61252
61481
62226
61703
61536
60780
61062
60885
60122
60081
60925
61667
61933
61075
60535
61309
60785
60077
60256
60057
60803
60032
60088
60332
60657
59836
59519
59716
59225
59738
60486
59910
60776
61482
61954
61500
61798
62504
63051
63905
64760
64459
63931
63995
64224
64397
64480
64415
63600
63945
63150
62642
62691
62658
63166
63606
63262
63295
63899
64382
65142
64555
65141
64406
63604
63601
63601
63367
63042
62886
63724
64156
65000
64410
65250
65451
64742
65481
65243
65210
65112
65459
65256
64405
65120
64882
64155
64758
63906
64168
64492
64431
64590
65055
65360
65031
64570
64294
64317
64774
65312
65031
64284
63504
63788
63608
63615
63925
63598
63598
63766
64356
65111
64864
65164
64709
65510
64908
64826
65348
64650
64106
64703
65169
64647
65168
65473
65199
64852
64855
65067
64589
63905
63554
62994
63032
63583
62892
63678
64451
65195
64610
64433
64933
64483
64952
65190
65201
64977
64981
65225
64922
65113
65073
65038
64876
65446
64680
65465
65183
64876
64193
64119
36823
36033
36840
36243
35673
35427
36024
36583
36833
37577
36711
36225
36265
36067
35245
35426
35363
35358
34623
33895
33103
33672
33944
33377
33374
33573
32872
33398
33074
32256
31514
31824
31804
31308
31785
32631
32445
32246
32719
32381
31706
31375
30669
29934
29423
28883
28403
29083
28506
29218
29055
29773
29278
28960
29512
30121
29909
29630
29574
30010
29983
30541
30810
31675
32465
33274
33241
32722
32436
31696
31652
30898
31714
31386
32088
32013
31554
31327
31304
30576
30281
30604
30288
31122
30919
30618
29915
30384
30309
30864
31419
31416
31075
30293
29561
29348
29304
29535
29101
28545
28713
28429
28016
28474
28179
28455
29018
28453
27906
28746
28575
29123
29134
29599
30105
29946
29596
29916
29095
29519
29733
29543
29700
28982
28220
28529
28431
29002
29521
29784
29515
28787
28118
28129
27619
27087
27279
27016
26724
26415
26369
26932
27728
27298
27579
26840
26035
25493
25955
26455
25890
26413
25922
25872
25127
24347
23674
23254
22981
22443
21853
21548
22338
22289
23073
22811
23611
24130
24984
25749
25488
25550
26063
25287
24691
24954
25233
25719
25422
24886
25612
26430
25913
26150
26198
26965
27717
27431
27659
28490
27804
28592
28059
28134
28569
29247
29013
29865
30639
29887
29402
28660
28870
28309
27599
28129
27312
28081
28915
28649
28818
28877
28375
28555
28853
28020
27863
28553
29272
28579
28923
28367
27591
28040
27863
27523
28059
27596
28311
28585
28485
28034
28812
28058
28045
27355
27329
27488
26726
25896
26689
27247
27794
28119
28575
29347
30177
30431
29843
29829
30686
31131
30351
30307
30642
30048
29614
29267
28740
28299
27771
28249
28861
28020
28367
27759
27088
27361
26759
26789
27278
27867
28407
27820
27263
27531
27754
27002
26518
26469
26014
26275
25983
25224
25253
24572
24295
25074
25522
25272
24517
25069
25582
24721
24242
23639
24098
23819
23663
23392
24129
23675
22849
22833
23666
23734
24017
24031
24755
24568
23983
23138
22694
22211
21723
22452
21967
21483
21446
20726
21451
20590
20776
20740
20813
20299
21108
21647
21619
21017
21879
21613
22436
23177
23355
22900
22036
21331
21773
21801
21128
20875
20307
19875
20197
19908
19158
19648
18832
18855
19664
18923
19448
20181
19839
19835
19145
19601
19132
19963
19417
18919
19175
18645
17825
18292
18872
18543
19132
19625
18873
18604
18530
17785
17552
18114
17607
17405
16583
16320
15514
15291
15016
15307
15753
15563
15790
15030
15818
16048
16246
16512
17313
17765
18620
19081
19608
20347
21019
20345
20576
20273
19473
18767
18255
18500
18540
18994
19755
19819
19244
19759
19985
19715
20497
21098
20298
20294
19616
20362
20692
20085
20899
21409
20825
20038
20114
20345
20782
20589
20026
19488
19506
19347
18593
18327
17975
17740
17470
17049
17249
17009
17805
18587
18400
18920
19147
19192
19138
18628
18118
18375
18127
17858
17381
16805
17497
18097
17520
18361
18344
17805
17274
16738
17517
18060
17872
17078
17016
16573
17121
17606
18095
18852
18393
18068
18156
17608
17628
17814
17749
16952
17562
17808
17515
16907
17172
33520
33507
33225
32495
31945
31148
30403
30434
30435
30115
30926
31632
31276
30819
31626
31614
31294
31611
31093
31129
31711
31675
31413
31891
31674
31194
30935
30370
31193
31206
30605
30368
30697
30913
30362
29755
30584
30004
29324
28575
28516
28836
28593
28567
28527
27945
28708
28473
28495
28794
28765
29510
30025
29989
30803
31132
31114
30333
29655
29582
30286
30496
29781
30286
31066
30255
30468
31307
31056
31382
31916
32676
32223
32485
31923
31468
31186
31720
30931
31413
31678
31989
31681
31459
30696
30387
29573
30131
29633
28884
28061
28511
28302
28067
28040
27279
27265
26671
26374
26985
27585
27076
27045
27617
27084
26838
26549
26349
26253
25705
25617
25125
25469
26166
26114
26967
26918
27524
27243
26386
25632
25373
24701
23861
23107
22860
22535
22018
22066
22676
22346
22558
22871
23423
23637
22888
22881
23143
23869
23344
22617
23173
23907
24149
24354
23903
24719
24742
24685
25361
24847
24342
24651
24227
24001
24756
25292
24712
23947
24395
24132
24955
24755
25447
25891
26205
25451
24603
24633
24071
23306
24104
24340
25133
25886
26414
25872
25415
25172
24860
25440
24617
24665
24238
23515
22966
22662
23480
23220
23265
22441
22961
23006
22167
22085
22845
23708
22986
22728
22182
21900
21655
20862
21713
20889
20208
20715
20130
20459
20374
19665
19391
18840
18816
18295
18800
19498
19279
18785
19538
19879
20573
21420
21156
21484
21169
20394
19580
18868
18029
17224
16689
17522
17310
16764
17569
17019
16774
16515
16938
17692
16981
17232
17241
16907
17770
17037
17486
17455
17499
17478
18180
18212
17666
17981
17926
18255
17718
17809
18634
18909
19390
19620
19307
19583
19292
19858
19948
20107
20158
19328
19095
19596
19122
19129
18564
18645
19447
18658
18423
17625
18081
18639
18299
18360
19158
19121
19837
20560
20226
20554
20836
19973
20282
20268
20232
19471
19737
20530
21261
21266
21296
22062
21865
22470
22991
22502
21897
22687
23230
22898
22685
23108
23437
24020
23520
23551
23708
22989
23480
24291
24716
24803
24213
24642
24841
24622
23926
23356
22827
23128
23900
23616
22853
22600
22406
21589
22303
23111
23165
22491
23281
23739
23942
24015
24826
24831
24317
23793
24041
23239
23170
23992
24560
25005
24531
23965
24317
24017
23456
24270
23511
22978
23135
23951
23980
24403
23682
23136
22532
21828
22180
21949
21898
21333
20588
21074
20851
21071
21144
21756
22168
21927
22780
23280
22762
22755
22446
21597
21316
20865
21314
20840
20623
20885
21359
22177
21653
21352
20612
20331
20134
19406
20103
20438
20393
20066
19996
20260
19719
20329
20090
19572
19062
18837
18915
18613
17886
17909
18357
17872
18047
18839
18382
18832
18588
18686
18083
18033
17820
18266
17569
18281
17787
17694
17270
17348
16529
16209
15694
15887
15959
16726
17593
18007
18533
18207
18541
18085
18867
18319
17481
17322
17741
17514
16821
16756
16304
15506
15450
15759
16008
16719
16727
17499
17173
16691
16475
16130
16698
17454
16707
16458
16914
16757
16275
16463
16772
17512
17995
17484
17426
17430
17494
18226
18547
17759
18546
19148
19192
19605
18857
18050
17232
17331
16559
16748
17048
37085
36814
37614
37806
38397
38057
38132
37788
38654
38835
38833
39073
38779
15460
14639
14937
15639
15625
16403
16715
17504
17033
17560
18283
17705
17179
32388
32703
31932
32728
32502
31977
31906
32511
33187
33236
32713
32951
33691
33763
32998
32456
33221
32909
32209
32677
32978
33007
32727
33444
32921
33223
33423
33244
32719
32214
32377
33122
32777
32362
31799
32651
32100
31506
32049
32307
31634
31666
32355
32860
33212
33174
33264
33722
33507
33466
32916
33769
33512
32750
31989
31471
32144
32814
32348
32678
33388
34082
33605
32785
33109
33894
34323
33906
34148
34363
33890
33456
32972
33239
33422
33513
33681
33268
33490
32747
32239
31886
31857
31027
31097
31438
31645
31110
31092
30924
30103
29686
29123
28349
28298
27886
27085
27000
27588
27244
26818
26074
26568
27243
28015
28626
28063
27632
27818
28641
28375
28635
28900
28375
28065
28335
29103
28772
27960
28823
28837
28620
27819
28631
29380
28782
29468
29500
29271
28467
27676
27187
27779
27598
28158
27292
28037
27558
27777
27573
26989
26784
26107
26358
26798
27507
27930
28693
28227
28163
27402
27937
27259
26406
25906
25464
24899
25404
24901
24885
25463
25255
25559
24777
25054
24313
25053
24311
25019
25245
24633
24616
25444
26201
26808
26468
26774
26258
25459
24762
24038
24061
24542
24451
24213
24177
24700
24156
23553
24347
24676
25180
24760
24501
24439
25249
25309
24822
25067
25055
24729
24446
23975
24410
24132
23577
24173
24439
24891
24978
24743
25257
24660
24379
24343
24681
24926
25792
25304
25309
25008
24527
25056
25333
24787
23983
24816
25051
24499
23922
23948
24751
24537
24038
24294
24560
24821
24477
23770
23708
23686
24472
24793
24293
23452
22612
23352
24105
23322
22557
22897
23450
23693
23168
23600
23185
22897
22210
22712
22735
22765
23455
23281
22698
22127
21658
20800
21519
21541
22025
22280
22299
21838
21305
21148
20886
20079
20078
20168
20456
19688
19672
19433
18599
19337
19409
19699
19966
20146
19667
19185
19961
19941
19133
19331
20054
19505
20366
20586
21290
22032
21608
21320
20756
21058
20595
21019
20248
20800
20842
20277
19585
19532
19741
20036
19837
19994
19238
18962
18802
18285
18956
19819
20639
19943
20130
20045
20908
21399
21073
20370
21190
20666
20592
21454
21441
21631
22090
21312
20888
21336
20785
20081
20396
21103
20607
21219
20365
20032
20868
20136
19910
20625
21135
20941
21742
22250
21755
21410
22254
21404
21856
22700
22975
22445
21610
20825
20552
20789
20765
21076
20353
19830
19623
19799
20365
19575
18835
18995
19038
19717
20488
20541
19779
20279
20327
20923
20936
20610
21311
22036
21551
21869
21923
22348
22820
22828
22413
21869
21457
21388
20782
19982
19298
19574
18873
18169
18928
18616
18842
18512
17747
17171
16434
16145
16171
15452
15715
16516
15925
15239
14824
14079
13272
13203
12978
13167
12419
11935
12259
12260
13045
12204
11708
11619
11629
11135
11942
11656
11324
11150
10839
11191
11986
11714
10884
11069
10893
11721
10980
11766
11926
12160
13001
12775
12010
11715
11507
11409
10636
10082
9822
9314
10150
10896
10420
10334
9489
8773
8199
8969
9763
9055
8526
9078
8227
8497
7717
7234
7465
7995
7806
7727
7706
8567
8371
49738
50437
50524
50266
50344
50062
50059
50813
50394
49850
50522
50774
51627
51591
18695
18990
18739
18009
18179
17481
17680
17192
17157
17489
17674
18221
19071
19071
19303
19720
19304
18722
18992
18303
18467
18516
18771
18303
17889
17852
17583
17251
17206
18008
17265
16542
16744
16324
16253
16062
15248
15441
15914
16767
16833
16880
17060
17603
17645
17080
17307
17646
17393
17916
17889
18094
18889
18649
18092
18025
17868
17335
18047
17740
18209
17779
18586
17908
17359
17273
16422
16471
17182
17538
17012
16303
15744
15434
16007
15726
15826
15739
15437
15510
15294
14437
14966
14612
14399
14111
13346
13864
14106
14935
14207
13444
13486
13686
13908
14342
14882
14201
13974
14306
14816
15562
15229
15928
15667
14945
14860
14702
14729
13864
14208
14879
14154
13614
13442
12899
13072
13607
14336
13622
13841
14350
13578
13151
12427
12700
12686
13215
13457
12606
12427
12211
11639
11921
12147
12862
13090
13144
12730
12404
12992
12694
12747
12786
13296
13514
13537
13985
14700
14912
14737
15597
15866
15006
14568
15036
14838
14543
15030
15706
16546
17135
16375
15843
15495
15015
15233
14987
15585
16127
15346
14512
13782
13447
13471
14259
14015
14034
13939
14465
13985
13409
13915
13732
12949
12213
11348
11917
11598
12111
12652
13424
12937
13728
13720
14413
14117
14200
13945
14742
15207
15363
15437
14753
15019
15459
16031
15563
16104
15505
15285
14692
15294
16037
15344
15013
14539
14723
14796
15500
15469
14733
15240
14697
13842
13623
13951
14268
14714
15531
14806
14586
14504
14159
13839
13383
13102
12918
13494
13653
13692
13863
14142
13890
13930
13208
12668
11895
12463
12698
12192
12883
13615
13120
13592
13664
13379
13618
14418
13644
14371
14202
14536
13746
13222
13771
13769
13271
12738
12959
12796
12489
11973
11245
10489
10940
10682
10485
9905
10598
10869
10792
10544
11267
11603
10779
11329
11582
11532
11881
12645
12937
12422
11885
11085
11379
11058
11319
12089
11574
10807
11283
12050
12903
12381
13085
13416
13658
13497
13230
13041
12287
11439
11344
11338
11684
11153
10360
10867
11674
12425
11639
12308
12340
12296
11778
12357
12615
12301
12819
12900
12228
11361
10816
11673
11201
11739
11208
11681
10999
10920
11232
10369
10640
10186
9655
9051
9597
9367
10044
9272
8597
8869
9132
9837
9227
9994
10281
10252
11008
11349
12080
11547
12064
12668
12324
12083
12883
12815
13085
12570
13179
12409
12226
12942
12126
12160
11489
11468
11709
12193
11636
12330
12619
12136
12227
11475
11691
11639
11331
11410
11946
12285
11487
11493
11484
11976
12521
13195
12646
13504
12906
13623
14488
14225
14985
15732
15263
15063
14562
14269
13974
13368
13688
13687
12937
13679
14019
14187
14406
13848
14415
13853
14407
14169
13675
14231
14953
15489
16261
15968
15676
15644
16226
16988
17270
16740
16034
16227
15939
16489
16200
15723
15276
15583
16005
16428
15741
15466
15931
16702
16899
16203
16798
15989
16813
16619
15813
16275
16064
15807
15211
14928
14205
13365
13189
13001
12963
12519
13024
52470
51613
51819
51151
50847
51618
51453
51648
51078
51586
50992
51016
50847
51053
51901
51130
50635
50292
49955
50714
51023
51225
50505
49747
49711
50569
49751
49694
48986
49551
49629
50405
50906
50587
51344
51250
50789
50031
49565
49260
48810
48768
47969
47686
47443
46910
46687
45912
46667
46176
45666
45477
45144
45652
44930
45370
45130
45376
45869
45428
46274
45698
46296
45689
45205
44943
44667
44987
45766
46191
45890
45675
44989
45471
45052
44494
44149
43586
44182
43421
43419
43386
44229
44756
44212
43658
43053
43406
42982
42386
42845
43629
43283
43113
42537
43024
43859
44580
44920
44136
43565
44374
45145
45692
46489
46540
47021
46574
46312
45507
44982
44664
44608
44567
44076
43354
42851
42437
42384
42841
42350
41814
41797
42377
41673
41116
40780
40060
39746
40568
40827
40902
41456
40680
41378
41399
42151
42309
42638
42029
42306
41785
41766
41083
40409
39824
39731
40290
39805
39461
40229
39980
40749
40013
40510
40260
41014
41094
41857
41561
41323
40558
39826
40047
40749
40729
40729
40025
39794
38984
39696
40484
40470
39987
39248
40041
39176
39245
38765
39577
40172
39831
40681
40849
40912
40701
40124
40057
40660
39850
39919
40395
40135
40333
41014
40333
39827
39039
39544
39738
40028
39858
39274
39212
39561
39875
39357
40139
40363
40643
40598
40547
41378
40837
41380
40843
41571
40777
39986
40066
40549
40764
40575
39720
40016
39730
39473
38998
39460
38786
37998
38012
38087
37248
37509
38299
38290
38736
39185
39541
39346
39101
38329
37615
36777
36859
37592
37052
37732
37401
36888
37232
36898
36139
35461
35236
35812
35299
34535
35226
34623
34445
33902
33071
32769
32059
32115
32428
31985
32461
33171
33169
32689
31959
32200
32628
33354
33572
33356
34143
33340
33671
33511
33699
33345
32651
32119
32435
32226
31946
32723
33153
33395
33558
33632
32939
32676
33101
33711
34181
34676
33925
34384
34189
33883
34096
34140
34177
34595
33927
33977
33149
33850
33098
33043
33353
32678
32726
32927
33754
33018
32988
33007
33202
32349
32385
32905
33176
33213
32886
32671
33407
32804
32291
33067
33859
33038
33131
33851
34148
33845
34135
33666
34085
34185
33983
34287
34023
34511
33775
34558
33731
33475
32621
31942
32509
32670
32418
32132
32971
33221
32881
33469
34221
33791
33962
34539
35006
34776
35516
34660
34845
34922
35337
35612
34830
35118
34570
34340
34921
35021
34556
33694
33358
34208
33991
34235
34410
34084
33334
33673
34453
34457
33890
34341
34891
34838
34121
33616
33663
32928
33640
34469
35043
35493
36258
37068
37079
37615
38395
39064
38908
38090
37628
37099
37318
38100
37349
37600
38312
38595
38387
37545
38392
38879
38641
38652
38381
39134
39907
40332
41065
40274
40630
41147
41331
40505
40556
40389
40810
41316
41328
41513
42124
42714
42109
41312
42106
41551
41843
41579
41092
40488
41221
40725
40244
40063
39793
39546
40012
40247
40201
40254
39979
39971
40819
40842
40788
41577
41872
41092
41366
41910
41127
41638
41930
41367
41589
42446
41898
42420
41936
41124
40807
41240
40704
41249
41840
42170
41704
42234
42413
42382
42604
42026
41812
41028
41029
41392
41944
42437
41670
41851
40999
41547
41480
42080
41237
41021
41059
40746
40004
40205
39730
40031
40459
39784
40553
39964
39461
39287
39895
39812
39741
40516
40848
41715
41181
40927
41643
42435
42336
42412
42404
43249
43928
44129
43616
44157
43679
43173
43731
43716
43959
43190
43943
44659
44647
44082
43869
43090
43680
43099
42805
42509
41791
41997
42332
41746
41770
42543
42600
43419
43103
43538
44075
43609
42785
43338
43788
44064
44639
43810
43077
42843
42051
41611
42216
42181
41916
41115
40509
40491
40496
41312
42012
41513
42084
41845
42394
42888
42387
42835
42367
42115
41868
42690
43517
42716
42697
42896
43160
43486
43410
44123
43883
44153
43586
43891
44624
44653
45372
45445
45652
45165
45456
46172
46515
46579
46318
45531
45809
45987
45306
44789
44781
45019
45743
46577
46494
47325
47813
47245
47403
46946
46212
46206
46641
46607
46142
45359
45846
45109
44422
45099
45588
46188
46463
46146
45387
45570
45896
45892
46597
46099
46159
45358
45597
46437
47243
47310
47809
47007
46793
45950
46016
45234
44771
44961
44704
45214
44670
43843
43396
43603
44056
44544
43835
44436
44348
43589
43119
43986
44404
45154
45395
45880
46395
46230
46683
46751
46574
46001
45904
46194
45908
45943
45782
45302
44708
44268
43920
43185
42906
43126
43059
42336
42678
42841
42076
42656
42905
42046
42064
42640
43467
42931
42439
41585
41901
42069
42752
42832
43073
43808
44051
43779
43049
42261
42843
43630
43914
43183
42733
42196
41857
42383
43177
43005
43686
44243
44254
44791
44694
44261
44271
44470
44470
44266
44765
45240
44435
43758
43756
42889
43481
44235
44422
45102
44910
45595
45661
45164
45065
45654
44977
45508
45738
45140
45424
44609
44871
45599
46392
45676
45240
45689
46101
45921
46013
46555
46068
46022
45777
46059
45222
44981
45296
45558
46228
46930
47156
47181
47793
47442
46877
47135
47378
47136
47197
47519
46698
45990
46414
45629
45836
45375
45966
46745
46507
46322
46994
47218
47397
46629
46383
46632
46342
46615
46097
46665
47242
47691
47157
47705
48393
48642
48176
47634
48456
49174
49783
49428
48966
48152
48650
48709
47972
47296
46688
46372
46850
46679
47262
47768
48519
48001
48708
48723
48191
48517
48987
48289
48205
47890
47638
47406
47700
47649
46976
47046
47832
48626
48071
48328
47523
47818
47469
46965
47126
47632
47427
46647
46223
46950
47691
48421
47958
48409
48968
48785
49389
50126
49273
49833
49787
50613
50617
49826
49824
50539
50017
49460
50251
50013
49995
49998
50754
50256
49711
49440
50294
49940
50208
49484
50076
49597
49108
48584
48524
48774
48246
47770
47519
47247
46686
46966
47721
48454
48786
49595
50365
51141
51191
50921
51673
52472
52190
51959
52382
52927
53738
53988
54757
54439
55206
54871
54863
55467
55151
55691
54836
54291
54828
54358
54282
54837
54539
55072
54625
54076
53309
53060
53398
52883
52366
52642
53419
53157
53474
53425
53697
53757
53502
53698
53936
54129
54399
54159
54838
54915
54947
54108
54629
55437
55529
55997
55711
55941
56552
56751
55977
55546
56021
56299
55801
55755
55255
54437
54700
54470
55217
55807
55807
56532
55802
55485
55215
55137
55639
56237
57071
57292
56440
55592
55149
55707
56457
56535
55953
55513
56016
56831
56817
56525
57081
57840
57536
57301
56806
56728
57290
56566
56491
57310
57074
57008
56675
55981
56541
56032
55727
56215
57077
57310
57328
56470
55956
56517
56823
57058
56531
56746
56516
57038
57841
58012
21732
21724
22163
21997
22513
22481
22189
21336
21588
20763
21298
22120
21375
20894
21741
21403
21673
21704
22261
21930
21989
22217
21658
20899
21746
21228
21496
21725
21146
20942
21685
20866
21176
20982
20221
19912
19198
19886
19135
18654
18404
18310
18839
19413
18550
19003
19574
19098
19303
19019
18278
18264
18065
18377
18597
18643
17857
18383
17815
17602
16990
17425
18194
18507
18252
18573
17986
17786
17835
17304
16477
16750
17276
16808
17489
17793
17460
17494
16921
16133
16909
17187
17778
17181
17255
18055
18899
18388
18614
17911
17144
17841
18510
18322
19132
18902
18108
18037
18863
18388
17889
17391
16839
17574
17621
18042
17763
16993
17242
17277
16945
16456
16708
17419
17476
17496
17173
18038
18718
19206
19504
19326
19650
19167
18363
17835
17083
17662
18431
17614
17546
18254
17933
18438
18225
17986
18738
19339
20016
19464
19808
19310
19052
19615
19296
19532
20144
20921
21364
21375
22101
22341
22129
22094
22401
21936
22463
22003
21208
21138
20639
21147
21676
21645
21550
22320
22022
21288
20767
20029
20544
21270
20568
21152
20625
20863
20193
20950
20211
19663
18833
18802
18312
17851
18646
18076
18657
18889
19645
18784
18818
19402
19859
19524
19478
19477
19727
18958
19276
19572
19671
19162
19938
19112
18588
18147
18304
18624
19360
18546
18384
17792
17030
16448
17031
16571
16072
15280
14971
15779
16330
16507
16460
17067
16203
17048
16762
16220
15793
15478
15825
15267
15328
14539
15014
15034
15768
16006
15972
15740
15737
15533
15582
16028
16515
16178
16421
15711
15477
16253
16737
16234
16012
16305
16071
15756
16611
16577
17252
17071
17126
17575
18277
19047
19110
19332
19087
19773
19011
19277
19808
19360
20082
20604
19871
20103
20058
20554
21109
21586
21288
21310
21281
21604
20848
20270
20562
20037
19562
19027
19227
18541
18006
18481
17779
16993
17833
18522
18061
17316
17396
16787
16195
16769
17074
16762
16978
16646
16706
16921
16705
15938
15416
14848
14116
13695
14210
14299
13733
14461
14909
14621
15428
15651
16387
16644
16936
17172
17748
18281
18564
18242
18308
18536
19357
19400
18654
18840
18765
18336
17751
18614
17805
18097
18938
18382
18562
17986
18721
18811
18575
18852
19358
18863
19443
18639
19410
20100
20013
20299
19741
20493
19752
19221
20010
20245
19760
20024
20801
21061
20364
21047
21762
21530
22360
21806
21255
21315
20745
20544
21045
20308
20483
20542
21291
20550
21156
21413
21758
21190
21960
21375
21713
21869
21153
21184
20954
21503
21941
21448
21120
21474
20665
19797
19461
20262
21098
21664
21324
20596
20317
19807
19599
20114
20883
21347
21634
21470
21133
21919
22444
22428
22083
21310
21857
22651
22693
23522
22943
23245
22895
22315
21535
22361
22705
23185
22772
23263
22497
21930
21744
22252
21912
21135
21597
21002
21341
20569
20829
21062
21552
21028
21059
21334
21108
21458
22144
21566
21274
22105
22593
22288
21766
22335
21899
21633
20875
21633
21440
20940
21377
21289
22049
21766
22368
22866
22356
21529
22023
22845
22614
22036
21581
64386
63602
63309
63789
63362
62572
63118
63028
62323
62790
63599
63136
63093
63901
64580
65184
64911
65496
64894
64039
64269
64559
64821
64358
63828
64590
65049
65311
65036
64832
65043
64322
64005
64578
64061
63826
63129
62341
62424
62103
61750
62104
62650
63467
63996
63916
63707
63405
63054
62513
62512
61747
61072
61335
60746
60795
61610
61548
62033
61970
61699
61495
62282
61803
61997
61773
62009
62823
62106
62103
62057
62276
62046
61790
60946
61739
62517
62599
61916
61147
61172
61946
61625
61810
61275
61044
61546
62270
63002
62266
62104
61832
61734
61501
62271
63098
63771
64281
64844
65184
65174
64574
65147
64373
63834
64078
63852
63332
62660
63135
62342
62300
62262
62316
62850
63662
63859
63351
62622
63146
63998
64767
63912
63903
63915
64729
64966
64610
64608
64872
64369
64051
64054
63821
63540
63801
64393
63623
62859
62186
62704
63401
62869
62690
63197
63145
62626
61828
61232
61841
62044
61622
60835
61601
61653
61844
62575
63436
63150
62918
63083
62253
61799
61465
61022
60857
60331
59644
59557
59518
58726
59403
58880
58384
58633
59244
58816
58852
59055
58991
59800
58936
59273
60025
59202
59472
59203
59738
59236
58547
58365
58101
57332
57307
57290
56973
56147
56422
55856
55563
55595
56356
56134
55463
55264
55289
55731
55269
54719
55408
54684
54414
53720
52985
53194
53986
54458
55265
54426
53606
53048
52528
52795
53039
53768
53794
54560
53847
53255
52508
51839
51521
52380
52185
52399
53238
52653
51856
52021
51233
51243
52012
51849
52662
52070
51491
50809
50387
50564
51299
51228
50551
51264
51840
51299
51303
51830
50985
50767
51537
50734
50483
50003
50757
50700
50999
50795
50012
50798
51478
51811
52238
52244
52071
51304
50559
50470
50216
50732
50191
49422
48707
48149
48729
48269
48781
47921
47507
47027
47589
48052
48591
47819
47243
47994
48312
49048
49563
49083
48515
48781
49245
48522
47974
48744
48475
47872
48700
47981
48032
47490
48200
49006
48997
48831
49521
50289
51061
50338
50617
50881
50655
50362
49879
50048
50331
49637
50092
50892
50314
50094
49859
50650
50375
50309
50511
50988
50320
51175
51196
51960
51906
51851
51772
51209
51207
51500
50998
50732
50048
49378
48893
49356
49584
50384
49650
49305
49916
49379
48552
47715
47259
47449
47249
47047
47589
46749
47359
46580
47013
46461
46697
47265
46446
46658
46339
47145
46606
46668
46907
47503
48111
47271
46555
47355
47551
47264
47473
48330
47738
48318
47453
48050
47753
47655
47669
47769
47729
47783
47853
47290
47251
47939
47978
48566
48308
49071
49891
49543
49545
49028
48347
47999
47495
46976
46728
46666
47274
47358
47313
46485
47003
47722
48492
48677
49504
49205
49008
49702
50533
50723
49964
50524
50109
50055
50075
50877
51107
50812
50126
49581
49291
49521
62400
63229
63701
63675
63210
63632
63550
64125
63872
63015
63775
64332
63628
64219
64146
64094
63309
62621
62575
63096
62898
63324
62620
62846
63541
62845
62760
63585
63086
63754
62976
63508
62840
63000
63745
64019
63558
63881
63166
62331
62645
62290
61446
62022
62856
61992
61208
61048
61371
60824
61590
60895
61107
60497
59772
59768
60614
26905
26726
27467
27053
27014
27509
27054
27887
28366
29175
29377
29554
29527
28779
28952
28690
29185
29527
30083
29330
29032
29000
29565
29729
29317
29864
29351
30121
29529
29588
28778
29118
29588
30309
30520
29783
28995
29802
29542
29109
29632
29899
30135
30159
30622
31365
31191
31927
31318
30627
30279
30772
30771
30832
30323
30100
30598
30880
30430
30702
30397
30887
31386
31303
30498
30776
31118
31843
32006
31836
31332
30792
31652
32085
32303
32350
31621
30792
31518
31309
31835
31131
30376
29883
30114
30602
29825
29292
29129
28780
28097
28345
27610
27256
28019
28552
29362
29362
29916
30129
29640
29679
30412
29676
29897
30428
29640
29339
28994
28766
29020
29277
29256
29738
29811
30600
29791
29358
28769
29494
29777
30115
29640
29646
29075
29889
30454
30416
29611
29087
28271
28315
27858
27007
27441
27923
28198
28283
28610
27780
27238
26414
25918
26697
27416
28181
27469
26759
26817
26210
25667
26528
27122
27054
26558
26812
25977
26284
26972
27286
27044
27273
27997
28723
29560
30378
31088
31003
30780
31241
30993
30745
31239
31254
30738
31256
31819
31883
32581
32852
32277
32839
33700
33785
34297
33761
34294
34758
34970
35438
34990
34196
33400
34259
34180
34168
33385
33641
33346
33899
34666
34931
35251
34808
34502
34803
33955
34392
33584
33870
33425
34135
34982
34300
33713
33931
33409
33847
33829
34361
35138
34685
34866
35631
35080
35858
35357
36113
36426
37170
37256
37204
37448
37452
38165
38685
38154
38977
38778
38086
37363
37594
38113
38018
37793
36956
36945
36245
35441
35871
35926
35945
35198
35712
35300
35712
36248
37031
36519
36080
36260
35524
35955
36805
36775
36458
36225
36645
36934
37514
37716
37894
38459
38947
38149
38412
38973
38170
38419
37912
37920
37189
37026
37219
36457
36940
36935
36884
36687
36174
35384
35888
35086
34368
34678
34155
33920
34507
34555
34557
33754
34008
34301
34994
34159
34445
35268
35264
34537
35246
35558
35989
36823
36080
36806
37098
36853
36791
36488
36532
36512
35657
35144
34393
34193
34157
33349
33348
34058
34601
34340
34419
34898
34327
35075
35104
35441
34759
35543
34783
34018
33210
33412
33920
34697
34859
35414
35868
35930
36018
35535
35484
35806
34989
35516
34781
35533
35496
34672
34730
34659
34748
35008
35514
35015
35474
35694
35653
35224
35193
35237
34941
34608
34332
34401
33571
33616
33066
33156
32420
33190
33406
33204
33446
32956
32683
32703
32110
32546
33337
32596
32134
31977
31916
32083
32013
31345
32013
31560
32354
33174
33347
34157
33382
34116
34137
33286
33127
33097
33103
33095
32908
33153
33585
33322
32530
32829
32040
32020
31576
31311
31641
31653
31704
32199
33022
32183
31665
31126
31122
31862
32107
32394
32078
32050
31623
32147
32417
31894
32350
31561
31864
31438
31165
31464
32238
32685
32245
31727
30884
31319
31630
31454
31617
30795
30890
31664
32169
32175
32749
32908
33716
33938
33488
32915
32633
31864
32385
31539
32310
33080
32400
31604
32366
33128
32843
33281
33586
32916
33448
32739
33489
33135
32603
32363
32393
31621
32432
32952
32687
32639
33230
34033
34772
35001
35012
34702
34860
34313
34634
